10000
100
5286 7266
2741 4097
5615 6829
2567 3800
7225 8492
1398 2775
4595 5991
1269 2443
2371 3792
7873 8999
3452 4877
4023 5578
1723 3044
7112 8568
3105 4720
6839 8022
1725 3112
340 2353
2833 4374
860 2432
5253 6707
5111 6462
7927 9178
891 2076
1611 2874
1393 2800
5682 6781
4128 5344
2302 3701
4369 5748
1108 2372
4246 5601
7598 8914
3589 5036
1682 3049
7411 8583
5408 6724
6698 7992
741 2274
5173 6572
3846 5234
3469 4788
5946 7298
7852 9087
488 2355
1229 2537
206 2263
2752 4013
7588 8845
3594 4889
3593 4895
2568 3880
7511 8812
675 2121
4071 5489
6157 7363
1068 2463
3464 4737
4141 5565
3492 4901
5348 6510
7329 8617
4155 5345
7885 9144
2945 4373
6806 8065
102 1788
541 2265
4111 5481
283 2158
2699 3911
424 2263
2652 3996
1453 2744
5082 6452
1535 2884
2727 4081
197 2421
6181 7444
456 2364
5435 6689
6323 7642
7132 8382
2446 3766
1305 2698
1249 2576
6537 7812
5138 6471
2747 4095
1087 2464
1744 3112
7233 8600
2147 3443
4747 6152
5092 6447
763 2284
1159 2490
1476 2792
6942 8282
5757 7019