50000
1000
26374 37200
12754 24150
14536 25903
9833 20129
41195 47777
19479 31655
17692 29040
24083 36937
3427 15417
19797 31022
36811 45133
41366 48866
3654 15312
11088 22105
3966 16091
23403 34402
40207 47515
4975 17744
26616 36560
11433 23047
1138 12803
14849 26061
2424 13627
12606 24133
28611 38822
30085 40591
29974 40537
21402 31778
1850 13671
4880 16865
13228 24961
3120 13721
26002 35902
21704 33320
4373 16177
17299 27949
16177 27562
27163 37721
34474 43365
2285 13897
45446 49910
4813 16619
3816 15741
15526 26807
18995 30300
38224 45985
2765 14385
16385 27506
9618 20879
18257 29267
30821 41313
33265 42701
1301 12878
29744 39809
46728 49898
4003 16225
27289 37860
25639 35510
1039 12176
41859 48067
19523 30747
168 12472
13337 24804
2358 13576
44815 49351
48938 49981
12572 24166
18970 30165
1200 12986
33794 43441
36367 44867
44415 49033
47462 49717
11592 23400
32643 42252
1886 13301
24594 35258
45834 49653
34679 43518
1171 13009
29945 40084
10274 21427
44717 49290
4982 17227
6824 18453
25936 35677
34880 43866
19159 30395
4085 16035
4608 17074
11010 22702
31483 41941
4163 15689
30711 41171
14037 25519
27353 37895
14402 25754
15067 26347
32076 42409
4424 16384
16505 27772
44116 48797
15273 26819
1817 13244
43785 48218
13895 25519
10704 21963
15989 27203
17616 28463
21004 32349
11939 23586
44507 49093
19591 30866
40750 47443
21418 32215
45314 49727
25425 35071
40705 47403
42819 47979
4296 16001
45695 49608
41780 47893
25909 35721
2351 13616
16795 28047
12823 24643
4410 15969
19829 31074
11261 22770
4406 16335
15292 26824
41052 47481
45413 49878
15764 27263
22538 33926
10364 21502
48015 49719
25089 34856
4931 17284
19474 30687
24549 35294
36273 44638
2464 13871
15372 26716
27255 37870
46676 49937
20651 31898
34791 43710
35000 43992
4830 16663
36631 45053
38349 46017
23231 34077
22000 33107
45241 49786
37855 46201
948 12356
17300 27995
30402 40869
4098 16031
10466 21684
49333 49985
33811 43376
10960 22435
20332 31707
41439 47669
2111 13348
22434 33897
17329 27982
36955 45327
36533 44782
47992 49740
339 12508
11093 22588
13455 25112
30133 40402
24844 34647
43827 48360
18278 29519
34419 43423
7385 18842
46461 49841
19972 31232
2101 13589
46495 49877
25748 35476
15337 26727
31635 42082
30092 40450
13208 24978
26652 36538
12525 24129
18470 29865
31734 42096
31492 41994
15636 27080
18942 30273
16347 27839
26743 36620
43753 48257
6326 17772
34423 43369
30080 40441
13970 25595
48169 49880
45266 49818
40213 47507
38526 46160
2599 13719
22365 33711
11860 23562
18368 29568
16043 27385
46703 49975
32185 42637
3413 15285
42324 47829
23668 34560
20422 31657
4984 17364
17813 28334
4178 16050
4836 16629
18642 29836
39455 46872
11061 22621
29963 40420
34982 43973
17732 28291
4069 15705
37687 46131
35499 44725
18417 29788
39509 46816
10726 21822
45402 49847
26845 36738
46868 49919
45262 49790
3939 15820
39383 47051
38227 45858
17254 27946
19502 30747
22123 33197
2453 13882
16045 27337
1645 13072
23995 34860
14091 25739
24500 35253
16248 27629
35555 44693
31812 42151
45911 49884
43372 48139
42539 48002
31009 41346
43648 48214
16313 27747
28068 38687
41084 47529
31943 42382
29600 39753
11280 22604
32419 42115
24914 34672
27995 38600
43691 48268
17473 28218
44288 48815
3599 15583
23466 34376
13276 24962
20779 32043
46444 49885
15386 26709
30002 40362
19942 31223
43357 48164
42345 47841
3317 14507
23808 34704
23644 34540
48103 49896
19453 30714
25173 34917
12854 24665
391 12333
13138 24832
17542 28154
27980 38543
14499 25721
30309 40757
22200 33552
3396 14760
47440 49783
41068 47586
20906 32137
27101 37737
18642 38020
15294 27135
25436 35381
16962 28442
4902 23234
43058 47524
4059 21905
24336 34489
20891 32939
15807 27769
16529 28374
10648 24997
3525 19818
23421 34535
32073 42694
24190 34663
10267 22676
15946 27354
25414 35605
23569 33807
11792 23037
20738 31888
35318 44260
39523 48938
48915 49998
34389 44480
31762 41311
20213 31188
43266 48016
10105 21423
24150 34964
11319 22424
35422 44284
40099 46472
34507 43816
10646 21043
17004 27827
15788 26913
25319 35418
31404 41208
9384 20500
15142 26656
10727 21610
2334 13548
46968 49657
49287 49946
8898 19251
10799 22885
2013 13712
22389 33168
30235 41142
4502 17437
16877 27880
7642 19445
30197 40336
3871 15384
7867 18427
29211 39600
24816 34402
26550 36635
15623 27021
6888 18486
47624 49911
1285 14274
36131 45126
26545 36682
28894 39413
18050 28812
10864 22494
45946 49665
1132 13425
17861 28617
2933 14589
47836 49807
49794 49991
15709 26823
17308 27942
27627 38087
32682 41833
4698 18184
23766 34772
4322 17448
12715 24302
19343 30564
18589 29448
27304 37214
24029 34769
26318 36952
20160 31531
26062 36688
39902 46600
49748 49973
4533 16953
30909 41178
11638 22754
34929 43907
18269 28799
27044 37122
15437 27029
2232 12827
443 20861
23303 30511
22041 28805
2544 30085
24067 39439
22201 31717
49384 49958
26503 42488
35492 39553
39445 44148
26091 39788
46674 49565
29856 35384
40164 44942
16114 25541
32217 45714
22818 30669
38816 47232
49328 49627
48872 49684
27689 37002
21404 38937
15573 22824
25242 38238
26326 31789
19104 34122
46966 49984
43756 48512
37855 44685
4489 16876
36932 46421
32808 39640
14513 26054
42125 48957
15899 28401
23492 41318
31694 38372
4453 18305
38900 49350
31512 42286
27251 31576
2724 21663
44491 47492
10969 22202
48679 49990
1863 23920
22172 37945
31729 43132
25825 39426
39846 45769
38121 44818
16292 23213
4813 16090
25474 34721
29592 43757
47139 49122
13375 18871
4845 22173
38443 49649
36145 45038
29413 37249
16872 24068
24402 32616
30599 42003
33007 39511
1935 15165
22225 33606
16148 21037
27301 36593
30083 34754
47937 49776
36819 42907
44094 48483
20769 37309
31141 39861
24836 32322
13863 23977
46242 49762
31478 44899
13014 27064
30874 39507
48569 49964
3698 23214
37783 48855
1252 20769
24400 34858
40869 45813
3679 32193
44844 48596
35035 45234
1101 23948
21504 31422
27318 33284
37523 44253
15937 21292
10307 19484
45334 49122
31774 43346
10316 23825
16962 29114
26374 37200
12754 24150
14536 25903
9833 20129
41195 47777
19479 31655
17692 29040
24083 36937
3427 15417
19797 31022
36811 45133
41366 48866
3654 15312
11088 22105
3966 16091
23403 34402
40207 47515
4975 17744
26616 36560
11433 23047
1138 12803
14849 26061
2424 13627
12606 24133
28611 38822
30085 40591
29974 40537
21402 31778
1850 13671
4880 16865
13228 24961
3120 13721
26002 35902
21704 33320
4373 16177
17299 27949
16177 27562
27163 37721
34474 43365
2285 13897
45446 49910
4813 16619
3816 15741
15526 26807
18995 30300
38224 45985
2765 14385
16385 27506
9618 20879
18257 29267
30821 41313
33265 42701
1301 12878
29744 39809
46728 49898
4003 16225
27289 37860
25639 35510
1039 12176
41859 48067
19523 30747
168 12472
13337 24804
2358 13576
44815 49351
48938 49981
12572 24166
18970 30165
1200 12986
33794 43441
36367 44867
44415 49033
47462 49717
11592 23400
32643 42252
1886 13301
24594 35258
45834 49653
34679 43518
1171 13009
29945 40084
10274 21427
44717 49290
4982 17227
6824 18453
25936 35677
34880 43866
19159 30395
4085 16035
4608 17074
11010 22702
31483 41941
4163 15689
30711 41171
14037 25519
27353 37895
14402 25754
15067 26347
32076 42409
4424 16384
16505 27772
44116 48797
15273 26819
1817 13244
43785 48218
13895 25519
10704 21963
15989 27203
17616 28463
21004 32349
11939 23586
44507 49093
19591 30866
40750 47443
21418 32215
45314 49727
25425 35071
40705 47403
42819 47979
4296 16001
45695 49608
41780 47893
25909 35721
2351 13616
16795 28047
12823 24643
4410 15969
19829 31074
11261 22770
4406 16335
15292 26824
41052 47481
45413 49878
15764 27263
22538 33926
10364 21502
48015 49719
25089 34856
4931 17284
19474 30687
24549 35294
36273 44638
2464 13871
15372 26716
27255 37870
46676 49937
20651 31898
34791 43710
35000 43992
4830 16663
36631 45053
38349 46017
23231 34077
22000 33107
45241 49786
37855 46201
948 12356
17300 27995
30402 40869
4098 16031
10466 21684
49333 49985
33811 43376
10960 22435
20332 31707
41439 47669
2111 13348
22434 33897
17329 27982
36955 45327
36533 44782
47992 49740
339 12508
11093 22588
13455 25112
30133 40402
24844 34647
43827 48360
18278 29519
34419 43423
7385 18842
46461 49841
19972 31232
2101 13589
46495 49877
25748 35476
15337 26727
31635 42082
30092 40450
13208 24978
26652 36538
12525 24129
18470 29865
31734 42096
31492 41994
15636 27080
18942 30273
16347 27839
26743 36620
43753 48257
6326 17772
34423 43369
30080 40441
13970 25595
48169 49880
45266 49818
40213 47507
38526 46160
2599 13719
22365 33711
11860 23562
18368 29568
16043 27385
46703 49975
32185 42637
3413 15285
42324 47829
23668 34560
20422 31657
4984 17364
17813 28334
4178 16050
4836 16629
18642 29836
39455 46872
11061 22621
29963 40420
34982 43973
17732 28291
4069 15705
37687 46131
35499 44725
18417 29788
39509 46816
10726 21822
45402 49847
26845 36738
46868 49919
45262 49790
3939 15820
39383 47051
38227 45858
17254 27946
19502 30747
22123 33197
2453 13882
16045 27337
1645 13072
23995 34860
14091 25739
24500 35253
16248 27629
35555 44693
31812 42151
45911 49884
43372 48139
42539 48002
31009 41346
43648 48214
16313 27747
28068 38687
41084 47529
31943 42382
29600 39753
11280 22604
32419 42115
24914 34672
27995 38600
43691 48268
17473 28218
44288 48815
3599 15583
23466 34376
13276 24962
20779 32043
46444 49885
15386 26709
30002 40362
19942 31223
43357 48164
42345 47841
3317 14507
23808 34704
23644 34540
48103 49896
19453 30714
25173 34917
12854 24665
391 12333
13138 24832
17542 28154
27980 38543
14499 25721
30309 40757
22200 33552
3396 14760
47440 49783
41068 47586
20906 32137
27101 37737
18642 38020
15294 27135
25436 35381
16962 28442
4902 23234
43058 47524
4059 21905
24336 34489
20891 32939
15807 27769
16529 28374
10648 24997
3525 19818
23421 34535
32073 42694
24190 34663
10267 22676
15946 27354
25414 35605
23569 33807
11792 23037
20738 31888
35318 44260
39523 48938
48915 49998
34389 44480
31762 41311
20213 31188
43266 48016
10105 21423
24150 34964
11319 22424
35422 44284
40099 46472
34507 43816
10646 21043
17004 27827
15788 26913
25319 35418
31404 41208
9384 20500
15142 26656
10727 21610
2334 13548
46968 49657
49287 49946
8898 19251
10799 22885
2013 13712
22389 33168
30235 41142
4502 17437
16877 27880
7642 19445
30197 40336
3871 15384
7867 18427
29211 39600
24816 34402
26550 36635
15623 27021
6888 18486
47624 49911
1285 14274
36131 45126
26545 36682
28894 39413
18050 28812
10864 22494
45946 49665
1132 13425
17861 28617
2933 14589
47836 49807
49794 49991
15709 26823
17308 27942
27627 38087
32682 41833
4698 18184
23766 34772
4322 17448
12715 24302
19343 30564
18589 29448
27304 37214
24029 34769
26318 36952
20160 31531
26062 36688
39902 46600
49748 49973
4533 16953
30909 41178
11638 22754
34929 43907
18269 28799
27044 37122
15437 27029
2232 12827
443 20861
23303 30511
22041 28805
2544 30085
24067 39439
22201 31717
49384 49958
26503 42488
35492 39553
39445 44148
26091 39788
46674 49565
29856 35384
40164 44942
16114 25541
32217 45714
22818 30669
38816 47232
49328 49627
48872 49684
27689 37002
21404 38937
15573 22824
25242 38238
26326 31789
19104 34122
46966 49984
43756 48512
37855 44685
4489 16876
36932 46421
32808 39640
14513 26054
42125 48957
15899 28401
23492 41318
31694 38372
4453 18305
38900 49350
31512 42286
27251 31576
2724 21663
44491 47492
10969 22202
48679 49990
1863 23920
22172 37945
31729 43132
25825 39426
39846 45769
38121 44818
16292 23213
4813 16090
25474 34721
29592 43757
47139 49122
13375 18871
4845 22173
38443 49649
36145 45038
29413 37249
16872 24068
24402 32616
30599 42003
33007 39511
1935 15165
22225 33606
16148 21037
27301 36593
30083 34754
47937 49776
36819 42907
44094 48483
20769 37309
31141 39861
24836 32322
13863 23977
46242 49762
31478 44899
13014 27064
30874 39507
48569 49964
3698 23214
37783 48855
1252 20769
24400 34858
40869 45813
3679 32193
44844 48596
35035 45234
1101 23948
21504 31422
27318 33284
37523 44253
15937 21292
10307 19484
45334 49122
31774 43346
10316 23825
16962 29114