1000000
1000
189473 347582
572014 811357
123480 348754
614041 825312
456906 643410
402107 549975
583789 817346
271547 504661
413127 557123
163270 404958
227322 461913
372958 549202
505418 720108
73955 324789
534217 778154
694034 920183
547048 804759
6197 248879
21496 217565
802624 937668
453791 648364
326864 533925
536377 780132
758470 945934
329394 536260
614987 826365
697963 923701
695687 922465
321395 527821
440980 636163
671105 905236
366338 552446
86012 329510
96331 331207
621962 828948
936444 999196
585414 819249
637055 850136
138497 380744
379426 565735
506129 721615
337820 544421
618404 825417
348159 545187
841438 967509
377621 564585
456006 643097
380468 566558
110355 354133
397958 546209
278769 520623
448498 644344
36085 314984
408491 554318
491524 705553
489451 704502
164677 406446
132040 374887
675093 909479
359062 555861
716856 930423
527456 772083
449799 645298
133332 376546
543381 798033
639148 855165
837049 962474
67947 322013
75989 325334
335885 542736
394075 541112
197587 437191
22091 230310
197028 436586
3832 241623
101550 345618
695866 922752
4501 246518
583905 817790
501212 715778
418806 561571
764868 951181
453451 648117
630607 854346
180578 426235
146493 388800
419072 561871
474559 689112
414789 558034
521063 765437
245806 490917
23590 232025
438455 633370
546184 802061
66765 320792
367656 553635
327927 535258
240881 486242
508522 725441
190342 348970
