100000
1000
41901 51274
63872 73408
72141 84412
13562 23919
57405 68487
47513 57168
29902 41536
84123 93679
68503 77634
74237 83403
38543 48999
50656 60351
87621 95125
15273 25903
15912 26287
15409 25111
57915 67166
30699 41791
78934 89689
25693 36255
90129 97723
74621 85443
43192 53215
87513 96482
65322 75433
40887 49902
36034 45919
41805 51471
73467 83608
55342 64924
16325 27276
61824 71813
87420 96483
68451 77534
18782 29871
33018 42971
40693 51315
56862 66808
32442 42315
82935 92661
92565 99999
10982 20432
81504 91928
42342 52955
59015 68561
78004 87703
23791 34192
35935 46542
26910 37101
12518 23412
53432 62893
74630 83955
29192 39156
13517 23682
13550 24313
60251 69871
15432 26157
40567 50899
65407 75135
43069 53164
81230 91334
83641 92746
27372 37007
10864 20767
39483 49418
36722 47017
17659 27913
17667 27555
44785 54646
65643 75879
41658 51069
28874 39244
12478 22892
59756 69378
89973 99648
38157 48739
63795 73953
63080 72774
53957 63767
30414 40499
18293 28468
23465 33211
94603 99999
64553 74809
13697 23963
12403 22403
59405 68982
22762 33264
67165 77546
26678 36673
59294 68965
35817 45985
10136 19768
44387 54576
16108 26333
89401 98177
94302 99999
66576 76523
42710 52545
86915 96136
41901 51274
63872 73408
72141 84412
13562 23919
57405 68487
47513 57168
29902 41536
84123 93679
68503 77634
74237 83403
38543 48999
50656 60351
87621 95125
15273 25903
15912 26287
15409 25111
57915 67166
30699 41791
78934 89689
25693 36255
90129 97723
74621 85443
43192 53215
87513 96482
65322 75433
40887 49902
36034 45919
41805 51471
73467 83608
55342 64924
16325 27276
61824 71813
87420 96483
68451 77534
18782 29871
33018 42971
40693 51315
56862 66808
32442 42315
82935 92661
92565 99999
10982 20432
81504 91928
42342 52955
59015 68561
78004 87703
23791 34192
35935 46542
26910 37101
12518 23412
53432 62893
74630 83955
29192 39156
13517 23682
13550 24313
60251 69871
15432 26157
40567 50899
65407 75135
43069 53164
81230 91334
83641 92746
27372 37007
10864 20767
39483 49418
36722 47017
17659 27913
17667 27555
44785 54646
65643 75879
41658 51069
28874 39244
12478 22892
59756 69378
89973 99648
38157 48739
63795 73953
63080 72774
53957 63767
30414 40499
18293 28468
23465 33211
94603 99999
64553 74809
13697 23963
12403 22403
59405 68982
22762 33264
67165 77546
26678 36673
59294 68965
35817 45985
10136 19768
44387 54576
16108 26333
89401 98177
94302 99999
66576 76523
42710 52545
86915 96136
41901 51274
63872 73408
72141 84412
13562 23919
57405 68487
47513 57168
29902 41536
84123 93679
68503 77634
74237 83403
38543 48999
50656 60351
87621 95125
15273 25903
15912 26287
15409 25111
57915 67166
30699 41791
78934 89689
25693 36255
90129 97723
74621 85443
43192 53215
87513 96482
65322 75433
40887 49902
36034 45919
41805 51471
73467 83608
55342 64924
16325 27276
61824 71813
87420 96483
68451 77534
18782 29871
33018 42971
40693 51315
56862 66808
32442 42315
82935 92661
92565 99999
10982 20432
81504 91928
42342 52955
59015 68561
78004 87703
23791 34192
35935 46542
26910 37101
12518 23412
53432 62893
74630 83955
29192 39156
13517 23682
13550 24313
60251 69871
15432 26157
40567 50899
65407 75135
43069 53164
81230 91334
83641 92746
27372 37007
10864 20767
39483 49418
36722 47017
17659 27913
17667 27555
44785 54646
65643 75879
41658 51069
28874 39244
12478 22892
59756 69378
89973 99648
38157 48739
63795 73953
63080 72774
53957 63767
30414 40499
18293 28468
23465 33211
94603 99999
64553 74809
13697 23963
12403 22403
59405 68982
22762 33264
67165 77546
26678 36673
59294 68965
35817 45985
10136 19768
44387 54576
16108 26333
89401 98177
94302 99999
66576 76523
42710 52545
86915 96136
41901 51274
63872 73408
72141 84412
13562 23919
57405 68487
47513 57168
29902 41536
84123 93679
68503 77634
74237 83403
38543 48999
50656 60351
87621 95125
15273 25903
15912 26287
15409 25111
57915 67166
30699 41791
78934 89689
25693 36255
90129 97723
74621 85443
43192 53215
87513 96482
65322 75433
40887 49902
36034 45919
41805 51471
73467 83608
55342 64924
16325 27276
61824 71813
87420 96483
68451 77534
18782 29871
33018 42971
40693 51315
56862 66808
32442 42315
82935 92661
92565 99999
10982 20432
81504 91928
42342 52955
59015 68561
78004 87703
23791 34192
35935 46542
26910 37101
12518 23412
53432 62893
74630 83955
29192 39156
13517 23682
13550 24313
60251 69871
15432 26157
40567 50899
65407 75135
43069 53164
81230 91334
83641 92746
27372 37007
10864 20767
39483 49418
36722 47017
17659 27913
17667 27555
44785 54646
65643 75879
41658 51069
28874 39244
12478 22892
59756 69378
89973 99648
38157 48739
63795 73953
63080 72774
53957 63767
30414 40499
18293 28468
23465 33211
94603 99999
64553 74809
13697 23963
12403 22403
59405 68982
22762 33264
67165 77546
26678 36673
59294 68965
35817 45985
10136 19768
44387 54576
16108 26333
89401 98177
94302 99999
66576 76523
42710 52545
86915 96136
41901 51274
63872 73408
72141 84412
13562 23919
57405 68487
47513 57168
29902 41536
84123 93679
68503 77634
74237 83403
38543 48999
50656 60351
87621 95125
15273 25903
15912 26287
15409 25111
57915 67166
30699 41791
78934 89689
25693 36255
90129 97723
74621 85443
43192 53215
87513 96482
65322 75433
40887 49902
36034 45919
41805 51471
73467 83608
55342 64924
16325 27276
61824 71813
87420 96483
68451 77534
18782 29871
33018 42971
40693 51315
56862 66808
32442 42315
82935 92661
92565 99999
10982 20432
81504 91928
42342 52955
59015 68561
78004 87703
23791 34192
35935 46542
26910 37101
12518 23412
53432 62893
74630 83955
29192 39156
13517 23682
13550 24313
60251 69871
15432 26157
40567 50899
65407 75135
43069 53164
81230 91334
83641 92746
27372 37007
10864 20767
39483 49418
36722 47017
17659 27913
17667 27555
44785 54646
65643 75879
41658 51069
28874 39244
12478 22892
59756 69378
89973 99648
38157 48739
63795 73953
63080 72774
53957 63767
30414 40499
18293 28468
23465 33211
94603 99999
64553 74809
13697 23963
12403 22403
59405 68982
22762 33264
67165 77546
26678 36673
59294 68965
35817 45985
10136 19768
44387 54576
16108 26333
89401 98177
94302 99999
66576 76523
42710 52545
86915 96136
41901 51274
63872 73408
72141 84412
13562 23919
57405 68487
47513 57168
29902 41536
84123 93679
68503 77634
74237 83403
38543 48999
50656 60351
87621 95125
15273 25903
15912 26287
15409 25111
57915 67166
30699 41791
78934 89689
25693 36255
90129 97723
74621 85443
43192 53215
87513 96482
65322 75433
40887 49902
36034 45919
41805 51471
73467 83608
55342 64924
16325 27276
61824 71813
87420 96483
68451 77534
18782 29871
33018 42971
40693 51315
56862 66808
32442 42315
82935 92661
92565 99999
10982 20432
81504 91928
42342 52955
59015 68561
78004 87703
23791 34192
35935 46542
26910 37101
12518 23412
53432 62893
74630 83955
29192 39156
13517 23682
13550 24313
60251 69871
15432 26157
40567 50899
65407 75135
43069 53164
81230 91334
83641 92746
27372 37007
10864 20767
39483 49418
36722 47017
17659 27913
17667 27555
44785 54646
65643 75879
41658 51069
28874 39244
12478 22892
59756 69378
89973 99648
38157 48739
63795 73953
63080 72774
53957 63767
30414 40499
18293 28468
23465 33211
94603 99999
64553 74809
13697 23963
12403 22403
59405 68982
22762 33264
67165 77546
26678 36673
59294 68965
35817 45985
10136 19768
44387 54576
16108 26333
89401 98177
94302 99999
66576 76523
42710 52545
86915 96136
41901 51274
63872 73408
72141 84412
13562 23919
57405 68487
47513 57168
29902 41536
84123 93679
68503 77634
74237 83403
38543 48999
50656 60351
87621 95125
15273 25903
15912 26287
15409 25111
57915 67166
30699 41791
78934 89689
25693 36255
90129 97723
74621 85443
43192 53215
87513 96482
65322 75433
40887 49902
36034 45919
41805 51471
73467 83608
55342 64924
16325 27276
61824 71813
87420 96483
68451 77534
18782 29871
33018 42971
40693 51315
56862 66808
32442 42315
82935 92661
92565 99999
10982 20432
81504 91928
42342 52955
59015 68561
78004 87703
23791 34192
35935 46542
26910 37101
12518 23412
53432 62893
74630 83955
29192 39156
13517 23682
13550 24313
60251 69871
15432 26157
40567 50899
65407 75135
43069 53164
81230 91334
83641 92746
27372 37007
10864 20767
39483 49418
36722 47017
17659 27913
17667 27555
44785 54646
65643 75879
41658 51069
28874 39244
12478 22892
59756 69378
89973 99648
38157 48739
63795 73953
63080 72774
53957 63767
30414 40499
18293 28468
23465 33211
94603 99999
64553 74809
13697 23963
12403 22403
59405 68982
22762 33264
67165 77546
26678 36673
59294 68965
35817 45985
10136 19768
44387 54576
16108 26333
89401 98177
94302 99999
66576 76523
42710 52545
86915 96136
41901 51274
63872 73408
72141 84412
13562 23919
57405 68487
47513 57168
29902 41536
84123 93679
68503 77634
74237 83403
38543 48999
50656 60351
87621 95125
15273 25903
15912 26287
15409 25111
57915 67166
30699 41791
78934 89689
25693 36255
90129 97723
74621 85443
43192 53215
87513 96482
65322 75433
40887 49902
36034 45919
41805 51471
73467 83608
55342 64924
16325 27276
61824 71813
87420 96483
68451 77534
18782 29871
33018 42971
40693 51315
56862 66808
32442 42315
82935 92661
92565 99999
10982 20432
81504 91928
42342 52955
59015 68561
78004 87703
23791 34192
35935 46542
26910 37101
12518 23412
53432 62893
74630 83955
29192 39156
13517 23682
13550 24313
60251 69871
15432 26157
40567 50899
65407 75135
43069 53164
81230 91334
83641 92746
27372 37007
10864 20767
39483 49418
36722 47017
17659 27913
17667 27555
44785 54646
65643 75879
41658 51069
28874 39244
12478 22892
59756 69378
89973 99648
38157 48739
63795 73953
63080 72774
53957 63767
30414 40499
18293 28468
23465 33211
94603 99999
64553 74809
13697 23963
12403 22403
59405 68982
22762 33264
67165 77546
26678 36673
59294 68965
35817 45985
10136 19768
44387 54576
16108 26333
89401 98177
94302 99999
66576 76523
42710 52545
86915 96136
41901 51274
63872 73408
72141 84412
13562 23919
57405 68487
47513 57168
29902 41536
84123 93679
68503 77634
74237 83403
38543 48999
50656 60351
87621 95125
15273 25903
15912 26287
15409 25111
57915 67166
30699 41791
78934 89689
25693 36255
90129 97723
74621 85443
43192 53215
87513 96482
65322 75433
40887 49902
36034 45919
41805 51471
73467 83608
55342 64924
16325 27276
61824 71813
87420 96483
68451 77534
18782 29871
33018 42971
40693 51315
56862 66808
32442 42315
82935 92661
92565 99999
10982 20432
81504 91928
42342 52955
59015 68561
78004 87703
23791 34192
35935 46542
26910 37101
12518 23412
53432 62893
74630 83955
29192 39156
13517 23682
13550 24313
60251 69871
15432 26157
40567 50899
65407 75135
43069 53164
81230 91334
83641 92746
27372 37007
10864 20767
39483 49418
36722 47017
17659 27913
17667 27555
44785 54646
65643 75879
41658 51069
28874 39244
12478 22892
59756 69378
89973 99648
38157 48739
63795 73953
63080 72774
53957 63767
30414 40499
18293 28468
23465 33211
94603 99999
64553 74809
13697 23963
12403 22403
59405 68982
22762 33264
67165 77546
26678 36673
59294 68965
35817 45985
10136 19768
44387 54576
16108 26333
89401 98177
94302 99999
66576 76523
42710 52545
86915 96136
41901 51274
63872 73408
72141 84412
13562 23919
57405 68487
47513 57168
29902 41536
84123 93679
68503 77634
74237 83403
38543 48999
50656 60351
87621 95125
15273 25903
15912 26287
15409 25111
57915 67166
30699 41791
78934 89689
25693 36255
90129 97723
74621 85443
43192 53215
87513 96482
65322 75433
40887 49902
36034 45919
41805 51471
73467 83608
55342 64924
16325 27276
61824 71813
87420 96483
68451 77534
18782 29871
33018 42971
40693 51315
56862 66808
32442 42315
82935 92661
92565 99999
10982 20432
81504 91928
42342 52955
59015 68561
78004 87703
23791 34192
35935 46542
26910 37101
12518 23412
53432 62893
74630 83955
29192 39156
13517 23682
13550 24313
60251 69871
15432 26157
40567 50899
65407 75135
43069 53164
81230 91334
83641 92746
27372 37007
10864 20767
39483 49418
36722 47017
17659 27913
17667 27555
44785 54646
65643 75879
41658 51069
28874 39244
12478 22892
59756 69378
89973 99648
38157 48739
63795 73953
63080 72774
53957 63767
30414 40499
18293 28468
23465 33211
94603 99999
64553 74809
13697 23963
12403 22403
59405 68982
22762 33264
67165 77546
26678 36673
59294 68965
35817 45985
10136 19768
44387 54576
16108 26333
89401 98177
94302 99999
66576 76523
42710 52545
86915 96136